Table 1	 (figure out how?)													
Name 	N	Control		4-AP		PTP			200Hz					
		S1	S2	S1	S2	S1	S2	Cell Number	S1	S2	1+2 in 200hz	Sv/DS		
Jun03a	4	1.917	1.667	2.615	1.962			0						
May12a	6	2.533	3.2	4.533	4.267	4.833	4.6	1						
May11a	3	0.967	1.333	1.75	2.25			2						
Apr21b	2	1.5	1.633	1.65	1.684			3						
Apr12a	4	2.067	2.1	2.3	2.7			4					AVG 200HZ	SEM
Jul05b	4	1.48	2.36	2.467	3.2	2.867	3.067	5	3.65	2.74	6.4	1.6	1.454	0.080
Jul09b	2	0.367	0.467	1.267	1.233			6						
Jul1221a	3	1.133	1.367	1.571	1.821			7						
Ag1721a	4	1.45	1.9	2.4	2.3	3.39	2.47	8	3.167	3.25	6.417	1.604		
Ag2521a	3	0.967	0.933	2.65	1.4	2.867	1.733	9						
Sep1621b	3	1	1.3	1.867	1.8	2.967	1.217	10	2.867	1.5	4.367	1.456		
Sep3021b	4	1.115	1.769	3.563	2.938	3.3	2.8	11	2.889	2	4.889	1.222		200 Hz P2
Oct0721b	5	1.897	1.828	3.867	2.333	4.367	3.067	12	3.85	3.1	6.95	1.39		0.685
Oct2121b	4	1.267	1.833	3	2.76	3.95	3.5	13						0.8125
														0.5
														0.5
														0.62
													Avg P2 200 hz	0.6235
Normalized to DS													SEM	0.066
Name 	N	Control		4-AP		PTP					AVERAGE	SEM		
		S1	S2	S1	S2	S1	S2	Cell Number		Ctrl S1	0.387	0.037		
Jun03a	4	0.479	0.417	0.654	0.491			0		Ctrl S2	0.464	0.038		
May12a	6	0.422	0.533	0.756	0.711	0.806	0.767	1		4-AP S1	0.692	0.033		
May11a	3	0.322	0.444	0.583	0.750			2		4-AP S2	0.645	0.033		
Apr21b (manual S2 for 4AP)	2	0.750	0.817	0.825	0.842			3		PTP S1	0.875	0.037		
Apr12a	4	0.517	0.525	0.575	0.675			4		PTP S2	0.665	0.065		
Jul05b	4	0.370	0.590	0.617	0.800	0.717	0.767	5						
Jul09b	2	0.184	0.234	0.634	0.617			6						
Jul1221a	3	0.378	0.456	0.524	0.607			7						
Ag1721a	4	0.363	0.475	0.600	0.575	0.848	0.618	8						
Ag2521a	3	0.322	0.311	0.883	0.467	0.956	0.578	9						
Sep1621b	3	0.333	0.433	0.622	0.6	0.989	0.406	10						
Sep3021b	4	0.278	0.442	0.891	0.735	0.825	0.7	11						
Oct0721b	5	0.379	0.366	0.773	0.467	0.873	0.613	12						
Oct2121b	4	0.317	0.458	0.750	0.690	0.988	0.875	13						
														
														
										AVERAGE	SEM			
Normalized S1+S2 	DS	Control	4-AP	PTP					Ctrl S1+S2	0.851	0.071			
Jun03a	4	0.896	1.144						4-AP S1+S2	1.336	0.047			
May12a	6	0.956	1.467	1.572					PTP S1+S2	1.540	0.053			
May11a	3	0.767	1.333											
Apr21b (manual S2 for 4AP)	2	1.567	1.667											
Apr12a	4	1.042	1.250											
Jul05b	4	0.960	1.417	1.484										
Jul09b	2	0.417	1.250											
Jul1221a	3	0.833	1.131											
Ag1721a	4	0.838	1.175	1.465										
Ag2521a	3	0.633	1.350	1.533										
Sep1621b	3	0.766	1.222	1.395										
Sep3021b	4	0.721	1.625	1.525										
Oct0721b	5	0.7448	1.24	1.4866										
Oct2121b	4	0.775	1.44	1.8625										
														
														
														
														
														
														
														
														
														
														
														
														
														
														
														
														
														
														
														
														
														
														
														
														
														
														
														
